OK: OpenVX using GPU device - 0:  [gfx90a:sramecc+:xnack-] with 110 CUs on PCI bus c1:00.0
OK: loaded 90 kernels from libvx_rpp.so
OK: loaded 2 kernels from libvx_amd_media.so
[INF]  {rocalJpegCOCOFileSourceSingleShard}  Internal buffer size width = 640 height = 640 depth = 3
[INF]  {output_routine}  Output routine started with 10 to load
[INF]  {output_routine}  Output routine started with 10 to load
*********************************************************************
comes to gpu
Pipeline has been created succesfully
*********************** SHARD ID ************************ 0
*********************** NUM SHARDS ********************** 1
+++++++++++++++++++++++++++++EPOCH+++++++++++++++++++++++++++++++++++++ 0

 Actual boxes :  [[0.06024995446205139, 0.04821333289146423, 0.06782001256942749, 0.046186670660972595], [0.17277002334594727, 0.06324000656604767, 0.06009995937347412, 0.07106667011976242], [0.8814499974250793, 0.09892000257968903, 0.09194004535675049, 0.07741332799196243], [0.8814499974250793, 0.09892000257968903, 0.09194004535675049, 0.07741332799196243], [0.1682700216770172, 0.12030666321516037, 0.0540199875831604, 0.06664000451564789], [0.07142999768257141, 0.09610667079687119, 0.14285999536514282, 0.1454399973154068], [0.8173400163650513, 0.10105332732200623, 0.13391995429992676, 0.09479998797178268], [0.8173400163650513, 0.10105332732200623, 0.13391995429992676, 0.09479998797178268], [0.8173400163650513, 0.10105332732200623, 0.13391995429992676, 0.09479998797178268], [0.8814499974250793, 0.09892000257968903, 0.09194004535675049, 0.07741332799196243], [0.8814499974250793, 0.09892000257968903, 0.09194004535675049, 0.07741332799196243], [0.8173400163650513, 0.10105332732200623, 0.13391995429992676, 0.09479998797178268], [0.8814499974250793, 0.09892000257968903, 0.09194004535675049, 0.07741332799196243], [0.06024995446205139, 0.04821333289146423, 0.06782001256942749, 0.046186670660972595], [0.6111299991607666, 0.07797332853078842, 0.1140599250793457, 0.05920000001788139], [0.6111299991607666, 0.07797332853078842, 0.1140599250793457, 0.05920000001788139], [0.8814499974250793, 0.09892000257968903, 0.09194004535675049, 0.07741332799196243], [0.17277002334594727, 0.06324000656604767, 0.06009995937347412, 0.07106667011976242], [0.17277002334594727, 0.06324000656604767, 0.06009995937347412, 0.07106667011976242], [0.9456800222396851, 0.07849334180355072, 0.03643995523452759, 0.030586667358875275], [0.1682700216770172, 0.12030666321516037, 0.0540199875831604, 0.06664000451564789], [0.07142999768257141, 0.09610667079687119, 0.14285999536514282, 0.1454399973154068], [0.8173400163650513, 0.10105332732200623, 0.13391995429992676, 0.09479998797178268], [0.07142999768257141, 0.09610667079687119, 0.14285999536514282, 0.1454399973154068], [0.4969300329685211, 0.13515999913215637, 0.22846001386642456, 0.1560266762971878], [0.4969300329685211, 0.13515999913215637, 0.22846001386642456, 0.1560266762971878], [0.8173400163650513, 0.10105332732200623, 0.13391995429992676, 0.09479998797178268], [0.30570998787879944, 0.1157200038433075, 0.24869996309280396, 0.1775200068950653], [0.30570998787879944, 0.1157200038433075, 0.24869996309280396, 0.1775200068950653], [0.4969300329685211, 0.13515999913215637, 0.22846001386642456, 0.1560266762971878], [0.30570998787879944, 0.1157200038433075, 0.24869996309280396, 0.1775200068950653], [0.30570998787879944, 0.1157200038433075, 0.24869996309280396, 0.1775200068950653], [0.4969300329685211, 0.13515999913215637, 0.22846001386642456, 0.1560266762971878], [0.7269600033760071, 0.1539333313703537, 0.313480019569397, 0.19549332559108734], [0.7269600033760071, 0.1539333313703537, 0.313480019569397, 0.19549332559108734], [0.7269600033760071, 0.1539333313703537, 0.313480019569397, 0.19549332559108734], [0.4969300329685211, 0.13515999913215637, 0.22846001386642456, 0.1560266762971878], [0.7269600033760071, 0.1539333313703537, 0.313480019569397, 0.19549332559108734], [0.7269600033760071, 0.1539333313703537, 0.313480019569397, 0.19549332559108734], [0.07142999768257141, 0.09610667079687119, 0.14285999536514282, 0.1454399973154068], [0.30570998787879944, 0.1157200038433075, 0.24869996309280396, 0.1775200068950653], [0.30570998787879944, 0.1157200038433075, 0.24869996309280396, 0.1775200068950653], [0.4969300329685211, 0.13515999913215637, 0.22846001386642456, 0.1560266762971878], [0.07142999768257141, 0.09610667079687119, 0.14285999536514282, 0.1454399973154068], [0.07142999768257141, 0.09610667079687119, 0.14285999536514282, 0.1454399973154068], [0.4969300329685211, 0.13515999913215637, 0.22846001386642456, 0.1560266762971878], [0.7269600033760071, 0.1539333313703537, 0.313480019569397, 0.19549332559108734], [0.7269600033760071, 0.1539333313703537, 0.313480019569397, 0.19549332559108734], [0.7269600033760071, 0.1539333313703537, 0.313480019569397, 0.19549332559108734], [0.7269600033760071, 0.1539333313703537, 0.313480019569397, 0.19549332559108734], [0.4681300222873688, 0.5272266864776611, 0.618179976940155, 0.8193066716194153], [0.4681300222873688, 0.5272266864776611, 0.618179976940155, 0.8193066716194153], [0.4681300222873688, 0.5272266864776611, 0.618179976940155, 0.8193066716194153], [0.4681300222873688, 0.5272266864776611, 0.618179976940155, 0.8193066716194153], [0.4681300222873688, 0.5272266864776611, 0.618179976940155, 0.8193066716194153], [0.4681300222873688, 0.5272266864776611, 0.618179976940155, 0.8193066716194153], [0.4681300222873688, 0.5272266864776611, 0.618179976940155, 0.8193066716194153], [0.4681300222873688, 0.5272266864776611, 0.618179976940155, 0.8193066716194153], [0.4681300222873688, 0.5272266864776611, 0.618179976940155, 0.8193066716194153]]

 Actual labels :  [3, 3, 3, 3, 3, 8, 3, 3, 3, 3, 3, 3, 3, 3, 3, 3, 3, 3, 3, 3, 3, 8, 3, 8, 3, 3, 3, 3, 3, 3, 3, 3, 3, 3, 3, 3, 3, 3, 3, 8, 3, 3, 3, 8, 8, 3, 3, 3, 3, 3, 4, 4, 4, 4, 4, 4, 4, 4, 4]

 Comes insdie draw
************************************** i ************************************* 0

 Actual boxes :  [[0.7935390472412109, 0.37303122878074646, 0.41292184591293335, 0.7281041741371155], [0.7935390472412109, 0.37303122878074646, 0.41292184591293335, 0.7281041741371155], [0.7935390472412109, 0.37303122878074646, 0.41292184591293335, 0.7281041741371155], [0.30382031202316284, 0.3752916753292084, 0.6052968502044678, 0.7505833506584167], [0.7935390472412109, 0.37303122878074646, 0.41292184591293335, 0.7281041741371155], [0.30382031202316284, 0.3752916753292084, 0.6052968502044678, 0.7505833506584167], [0.7935390472412109, 0.37303122878074646, 0.41292184591293335, 0.7281041741371155], [0.7116796970367432, 0.5577812790870667, 0.5731093883514404, 0.8844375014305115], [0.30382031202316284, 0.3752916753292084, 0.6052968502044678, 0.7505833506584167], [0.7935390472412109, 0.37303122878074646, 0.41292184591293335, 0.7281041741371155], [0.30382031202316284, 0.3752916753292084, 0.6052968502044678, 0.7505833506584167], [0.7116796970367432, 0.5577812790870667, 0.5731093883514404, 0.8844375014305115], [0.7116796970367432, 0.5577812790870667, 0.5731093883514404, 0.8844375014305115], [0.30382031202316284, 0.3752916753292084, 0.6052968502044678, 0.7505833506584167], [0.7935390472412109, 0.37303122878074646, 0.41292184591293335, 0.7281041741371155], [0.7935390472412109, 0.37303122878074646, 0.41292184591293335, 0.7281041741371155], [0.7935390472412109, 0.37303122878074646, 0.41292184591293335, 0.7281041741371155], [0.7935390472412109, 0.37303122878074646, 0.41292184591293335, 0.7281041741371155], [0.7116796970367432, 0.5577812790870667, 0.5731093883514404, 0.8844375014305115], [0.30382031202316284, 0.3752916753292084, 0.6052968502044678, 0.7505833506584167], [0.7116796970367432, 0.5577812790870667, 0.5731093883514404, 0.8844375014305115], [0.7935390472412109, 0.37303122878074646, 0.41292184591293335, 0.7281041741371155], [0.7935390472412109, 0.37303122878074646, 0.41292184591293335, 0.7281041741371155], [0.7116796970367432, 0.5577812790870667, 0.5731093883514404, 0.8844375014305115]]

 Actual labels :  [52, 52, 52, 51, 52, 51, 52, 52, 51, 52, 51, 52, 52, 51, 52, 52, 52, 52, 52, 51, 52, 52, 52, 52]

 Comes insdie draw
************************************** i ************************************* 1

 Actual boxes :  [[0.24758592247962952, 0.5123626589775085, 0.03176562488079071, 0.05036631226539612], [0.03783593699336052, 0.7312179803848267, 0.07567187398672104, 0.06712454557418823], [0.0827031284570694, 0.7283058166503906, 0.04175000265240669, 0.044194161891937256], [0.03783593699336052, 0.7312179803848267, 0.07567187398672104, 0.06712454557418823], [0.6990859508514404, 0.6183516979217529, 0.009453058242797852, 0.031868159770965576], [0.17475780844688416, 0.7182234525680542, 0.0319218635559082, 0.02802199125289917], [0.2198750078678131, 0.7119871377944946, 0.014249995350837708, 0.018333375453948975], [0.7544765472412109, 0.7178937792778015, 0.03748440742492676, 0.03054940700531006], [0.13499218225479126, 0.7224359512329102, 0.010984361171722412, 0.02186816930770874], [0.5523124933242798, 0.8023077249526978, 0.20759373903274536, 0.15772897005081177], [0.5523124933242798, 0.8023077249526978, 0.20759373903274536, 0.15772897005081177], [0.5523124933242798, 0.8023077249526978, 0.20759373903274536, 0.15772897005081177], [0.5523124933242798, 0.8023077249526978, 0.20759373903274536, 0.15772897005081177], [0.5523124933242798, 0.8023077249526978, 0.20759373903274536, 0.15772897005081177], [0.5523124933242798, 0.8023077249526978, 0.20759373903274536, 0.15772897005081177]]

 Actual labels :  [10, 8, 3, 8, 10, 3, 3, 3, 11, 1, 1, 1, 1, 1, 1]

 Comes insdie draw
************************************** i ************************************* 2

 Actual boxes :  [[0.4252265691757202, 0.8957916498184204, 0.2678593695163727, 0.16741663217544556], [0.4252265691757202, 0.8957916498184204, 0.2678593695163727, 0.16741663217544556], [0.4252265691757202, 0.8957916498184204, 0.2678593695163727, 0.16741663217544556], [0.4252265691757202, 0.8957916498184204, 0.2678593695163727, 0.16741663217544556], [0.4252265691757202, 0.8957916498184204, 0.2678593695163727, 0.16741663217544556], [0.4252265691757202, 0.8957916498184204, 0.2678593695163727, 0.16741663217544556], [0.8145937323570251, 0.5, 0.3708125352859497, 1.0], [0.8145937323570251, 0.5, 0.3708125352859497, 1.0], [0.40449216961860657, 0.4936979413032532, 0.7887656092643738, 0.9752708673477173], [0.40449216961860657, 0.4936979413032532, 0.7887656092643738, 0.9752708673477173], [0.40449216961860657, 0.4936979413032532, 0.7887656092643738, 0.9752708673477173], [0.8145937323570251, 0.5, 0.3708125352859497, 1.0], [0.40449216961860657, 0.4936979413032532, 0.7887656092643738, 0.9752708673477173], [0.40449216961860657, 0.4936979413032532, 0.7887656092643738, 0.9752708673477173], [0.40449216961860657, 0.4936979413032532, 0.7887656092643738, 0.9752708673477173], [0.40449216961860657, 0.4936979413032532, 0.7887656092643738, 0.9752708673477173]]

 Actual labels :  [28, 28, 28, 28, 28, 28, 1, 1, 1, 1, 1, 1, 1, 1, 1, 1]

 Comes insdie draw
************************************** i ************************************* 3

 Actual boxes :  [[0.1500859260559082, 0.5858437418937683, 0.06070312112569809, 0.06297922134399414], [0.1500859260559082, 0.5858437418937683, 0.06070312112569809, 0.06297922134399414], [0.15182030200958252, 0.6675624847412109, 0.05732811987400055, 0.009124994277954102], [0.1500859260559082, 0.5858437418937683, 0.06070312112569809, 0.06297922134399414], [0.1500859260559082, 0.5858437418937683, 0.06070312112569809, 0.06297922134399414], [0.3313671946525574, 0.5893020629882812, 0.03751564025878906, 0.03814578056335449], [0.33024218678474426, 0.6363542079925537, 0.034578144550323486, 0.017250001430511475], [0.3377734422683716, 0.6640416979789734, 0.022109389305114746, 0.008791685104370117], [0.3295624852180481, 0.7142603993415833, 0.040874987840652466, 0.022979140281677246], [0.475281298160553, 0.5561875104904175, 0.20225003361701965, 0.4022500514984131], [0.2077656090259552, 0.3231979310512543, 0.41215622425079346, 0.6441459059715271], [0.2077656090259552, 0.3231979310512543, 0.41215622425079346, 0.6441459059715271], [0.475281298160553, 0.5561875104904175, 0.20225003361701965, 0.4022500514984131], [0.475281298160553, 0.5561875104904175, 0.20225003361701965, 0.4022500514984131], [0.475281298160553, 0.5561875104904175, 0.20225003361701965, 0.4022500514984131], [0.475281298160553, 0.5561875104904175, 0.20225003361701965, 0.4022500514984131], [0.475281298160553, 0.5561875104904175, 0.20225003361701965, 0.4022500514984131], [0.2077656090259552, 0.3231979310512543, 0.41215622425079346, 0.6441459059715271], [0.2077656090259552, 0.3231979310512543, 0.41215622425079346, 0.6441459059715271], [0.2077656090259552, 0.3231979310512543, 0.41215622425079346, 0.6441459059715271], [0.2077656090259552, 0.3231979310512543, 0.41215622425079346, 0.6441459059715271], [0.6904531121253967, 0.5, 0.6190937757492065, 1.0], [0.6904531121253967, 0.5, 0.6190937757492065, 1.0], [0.2077656090259552, 0.3231979310512543, 0.41215622425079346, 0.6441459059715271], [0.2077656090259552, 0.3231979310512543, 0.41215622425079346, 0.6441459059715271], [0.6904531121253967, 0.5, 0.6190937757492065, 1.0], [0.2077656090259552, 0.3231979310512543, 0.41215622425079346, 0.6441459059715271], [0.2077656090259552, 0.3231979310512543, 0.41215622425079346, 0.6441459059715271], [0.6904531121253967, 0.5, 0.6190937757492065, 1.0], [0.6904531121253967, 0.5, 0.6190937757492065, 1.0], [0.6904531121253967, 0.5, 0.6190937757492065, 1.0], [0.6904531121253967, 0.5, 0.6190937757492065, 1.0]]

 Actual labels :  [74, 74, 74, 74, 74, 74, 74, 74, 74, 22, 21, 21, 22, 22, 22, 22, 22, 21, 21, 21, 21, 23, 23, 21, 21, 23, 21, 21, 23, 23, 23, 23]

 Comes insdie draw
************************************** i ************************************* 4

 Actual boxes :  [[0.3063906133174896, 0.6794496178627014, 0.3456563353538513, 0.18957841396331787], [0.3063906133174896, 0.6794496178627014, 0.3456563353538513, 0.18957841396331787], [0.3063906133174896, 0.6794496178627014, 0.3456563353538513, 0.18957841396331787], [0.3063906133174896, 0.6794496178627014, 0.3456563353538513, 0.18957841396331787], [0.3063906133174896, 0.6794496178627014, 0.3456563353538513, 0.18957841396331787], [0.44092968106269836, 0.4020140767097473, 0.25035935640335083, 0.5879625082015991], [0.44092968106269836, 0.4020140767097473, 0.25035935640335083, 0.5879625082015991], [0.3063906133174896, 0.6794496178627014, 0.3456563353538513, 0.18957841396331787], [0.3063906133174896, 0.6794496178627014, 0.3456563353538513, 0.18957841396331787], [0.44092968106269836, 0.4020140767097473, 0.25035935640335083, 0.5879625082015991], [0.44092968106269836, 0.4020140767097473, 0.25035935640335083, 0.5879625082015991]]

 Actual labels :  [38, 38, 38, 38, 38, 1, 1, 38, 38, 1, 1]

 Comes insdie draw
************************************** i ************************************* 5

 Actual boxes :  [[0.28660157322883606, 0.40440282225608826, 0.11029686033725739, 0.13695549964904785], [0.28660157322883606, 0.40440282225608826, 0.11029686033725739, 0.13695549964904785], [0.28660157322883606, 0.40440282225608826, 0.11029686033725739, 0.13695549964904785], [0.28660157322883606, 0.40440282225608826, 0.11029686033725739, 0.13695549964904785], [0.3393594026565552, 0.5569671988487244, 0.01059374213218689, 0.014730691909790039], [0.7671172022819519, 0.65894615650177, 0.010765671730041504, 0.01587820053100586], [0.28660157322883606, 0.40440282225608826, 0.11029686033725739, 0.13695549964904785], [0.28660157322883606, 0.40440282225608826, 0.11029686033725739, 0.13695549964904785], [0.28660157322883606, 0.40440282225608826, 0.11029686033725739, 0.13695549964904785], [0.42429688572883606, 0.6456557512283325, 0.1889062523841858, 0.6629273891448975]]

 Actual labels :  [39, 39, 39, 39, 33, 33, 39, 39, 39, 1]

 Comes insdie draw
************************************** i ************************************* 6

 Actual boxes :  [[0.28336459398269653, 0.43367189168930054, 0.1783541440963745, 0.1392500400543213], [0.28336459398269653, 0.43367189168930054, 0.1783541440963745, 0.1392500400543213], [0.28336459398269653, 0.43367189168930054, 0.1783541440963745, 0.1392500400543213], [0.28336459398269653, 0.43367189168930054, 0.1783541440963745, 0.1392500400543213], [0.28336459398269653, 0.43367189168930054, 0.1783541440963745, 0.1392500400543213], [0.28336459398269653, 0.43367189168930054, 0.1783541440963745, 0.1392500400543213]]

 Actual labels :  [75, 75, 75, 75, 75, 75]

 Comes insdie draw
************************************** i ************************************* 7

 Actual boxes :  [[0.9298200011253357, 0.6619865894317627, 0.06640005111694336, 0.04391998052597046], [0.639959990978241, 0.7103333473205566, 0.05519998073577881, 0.07575994729995728], [0.639959990978241, 0.7103333473205566, 0.05519998073577881, 0.07575994729995728], [0.7155100107192993, 0.7179466485977173, 0.11242002248764038, 0.1146666407585144], [0.7155100107192993, 0.7179466485977173, 0.11242002248764038, 0.1146666407585144], [0.7155100107192993, 0.7179466485977173, 0.11242002248764038, 0.1146666407585144], [0.7155100107192993, 0.7179466485977173, 0.11242002248764038, 0.1146666407585144], [0.8350300192832947, 0.6529866456985474, 0.0569000244140625, 0.025973379611968994], [0.9120399951934814, 0.44227999448776245, 0.02003997564315796, 0.05933332443237305], [0.5692499876022339, 0.6451333165168762, 0.010140001773834229, 0.03677332401275635], [0.6297000646591187, 0.6674133539199829, 0.035239994525909424, 0.029066622257232666], [0.6824100017547607, 0.6524266600608826, 0.04141998291015625, 0.041173338890075684], [0.569409966468811, 0.7052266597747803, 0.011539995670318604, 0.05477339029312134], [0.9941499829292297, 0.7682533264160156, 0.011700034141540527, 0.056559979915618896], [0.7155100107192993, 0.7179466485977173, 0.11242002248764038, 0.1146666407585144], [0.8845599889755249, 0.7303333282470703, 0.2101600170135498, 0.13410663604736328], [0.8845599889755249, 0.7303333282470703, 0.2101600170135498, 0.13410663604736328], [0.6725000143051147, 0.34167999029159546, 0.20688003301620483, 0.25125330686569214], [0.6725000143051147, 0.34167999029159546, 0.20688003301620483, 0.25125330686569214], [0.6725000143051147, 0.34167999029159546, 0.20688003301620483, 0.25125330686569214], [0.6725000143051147, 0.34167999029159546, 0.20688003301620483, 0.25125330686569214], [0.6725000143051147, 0.34167999029159546, 0.20688003301620483, 0.25125330686569214], [0.8845599889755249, 0.7303333282470703, 0.2101600170135498, 0.13410663604736328], [0.8845599889755249, 0.7303333282470703, 0.2101600170135498, 0.13410663604736328], [0.7155100107192993, 0.7179466485977173, 0.11242002248764038, 0.1146666407585144], [0.7155100107192993, 0.7179466485977173, 0.11242002248764038, 0.1146666407585144], [0.8845599889755249, 0.7303333282470703, 0.2101600170135498, 0.13410663604736328], [0.8845599889755249, 0.7303333282470703, 0.2101600170135498, 0.13410663604736328], [0.7155100107192993, 0.7179466485977173, 0.11242002248764038, 0.1146666407585144], [0.8845599889755249, 0.7303333282470703, 0.2101600170135498, 0.13410663604736328], [0.5701600313186646, 0.4978533387184143, 0.37904003262519836, 0.7419466972351074], [0.5701600313186646, 0.4978533387184143, 0.37904003262519836, 0.7419466972351074], [0.5701600313186646, 0.4978533387184143, 0.37904003262519836, 0.7419466972351074], [0.5701600313186646, 0.4978533387184143, 0.37904003262519836, 0.7419466972351074], [0.5701600313186646, 0.4978533387184143, 0.37904003262519836, 0.7419466972351074], [0.5701600313186646, 0.4978533387184143, 0.37904003262519836, 0.7419466972351074], [0.5701600313186646, 0.4978533387184143, 0.37904003262519836, 0.7419466972351074], [0.5701600313186646, 0.4978533387184143, 0.37904003262519836, 0.7419466972351074], [0.5701600313186646, 0.4978533387184143, 0.37904003262519836, 0.7419466972351074], [0.5701600313186646, 0.4978533387184143, 0.37904003262519836, 0.7419466972351074], [0.5701600313186646, 0.4978533387184143, 0.37904003262519836, 0.7419466972351074]]

 Actual labels :  [8, 3, 3, 8, 8, 8, 8, 3, 10, 3, 3, 3, 8, 8, 8, 3, 3, 18, 18, 18, 18, 18, 3, 3, 8, 8, 3, 3, 8, 3, 57, 57, 57, 57, 57, 57, 57, 57, 57, 57, 57]

 Comes insdie draw
************************************** i ************************************* 8

 Actual boxes :  [[0.9430930614471436, 0.7777400016784668, 0.11123126745223999, 0.06356000900268555], [0.9430930614471436, 0.7777400016784668, 0.11123126745223999, 0.06356000900268555], [0.9430930614471436, 0.7777400016784668, 0.11123126745223999, 0.06356000900268555], [0.8019970059394836, 0.8809599876403809, 0.15288293361663818, 0.07424002885818481], [0.8019970059394836, 0.8809599876403809, 0.15288293361663818, 0.07424002885818481], [0.8019970059394836, 0.8809599876403809, 0.15288293361663818, 0.07424002885818481], [0.8019970059394836, 0.8809599876403809, 0.15288293361663818, 0.07424002885818481], [0.6520119905471802, 0.6292500495910645, 0.12414413690567017, 0.035260021686553955], [0.42513516545295715, 0.6698600053787231, 0.08660656213760376, 0.024479985237121582], [0.9430930614471436, 0.7777400016784668, 0.11123126745223999, 0.06356000900268555], [0.810615599155426, 0.8592300415039062, 0.37198197841644287, 0.21846002340316772], [0.810615599155426, 0.8592300415039062, 0.37198197841644287, 0.21846002340316772], [0.810615599155426, 0.8592300415039062, 0.37198197841644287, 0.21846002340316772], [0.8019970059394836, 0.8809599876403809, 0.15288293361663818, 0.07424002885818481], [0.8019970059394836, 0.8809599876403809, 0.15288293361663818, 0.07424002885818481], [0.8019970059394836, 0.8809599876403809, 0.15288293361663818, 0.07424002885818481], [0.8019970059394836, 0.8809599876403809, 0.15288293361663818, 0.07424002885818481], [0.810615599155426, 0.8592300415039062, 0.37198197841644287, 0.21846002340316772], [0.8012012243270874, 0.8619399666786194, 0.3975975513458252, 0.22027993202209473], [0.8012012243270874, 0.8619399666786194, 0.3975975513458252, 0.22027993202209473], [0.8012012243270874, 0.8619399666786194, 0.3975975513458252, 0.22027993202209473], [0.8012012243270874, 0.8619399666786194, 0.3975975513458252, 0.22027993202209473], [0.8012012243270874, 0.8619399666786194, 0.3975975513458252, 0.22027993202209473], [0.3353002667427063, 0.5172899961471558, 0.6680780649185181, 0.7932600378990173], [0.3353002667427063, 0.5172899961471558, 0.6680780649185181, 0.7932600378990173], [0.3353002667427063, 0.5172899961471558, 0.6680780649185181, 0.7932600378990173], [0.3353002667427063, 0.5172899961471558, 0.6680780649185181, 0.7932600378990173], [0.3353002667427063, 0.5172899961471558, 0.6680780649185181, 0.7932600378990173], [0.3353002667427063, 0.5172899961471558, 0.6680780649185181, 0.7932600378990173], [0.3353002667427063, 0.5172899961471558, 0.6680780649185181, 0.7932600378990173], [0.3353002667427063, 0.5172899961471558, 0.6680780649185181, 0.7932600378990173], [0.3353002667427063, 0.5172899961471558, 0.6680780649185181, 0.7932600378990173]]

 Actual labels :  [65, 65, 65, 68, 68, 68, 68, 66, 66, 65, 67, 67, 67, 68, 68, 68, 68, 67, 64, 64, 64, 64, 64, 1, 1, 1, 1, 1, 1, 1, 1, 1]

 Comes insdie draw
************************************** i ************************************* 9
*********************************************************************
